0 0.5359375000000001 0.9187500000000001 0.08125 0.07187500000000001
0 0.3921875 0.83125 0.065625 0.08750000000000001
0 0.503125 0.853125 0.065625 0.059375000000000004
0 0.55234375 0.76171875 0.060937500000000006 0.060937500000000006
0 0.6515625 0.75390625 0.09375 0.07968750000000001
0 0.7203125 0.7093750000000001 0.043750000000000004 0.05625
0 0.80234375 0.6703125000000001 0.0546875 0.084375
0 0.9148437500000001 0.7132812500000001 0.06406250000000001 0.0734375
0 0.6234375000000001 0.039843750000000004 0.08750000000000001 0.07968750000000001
0 0.609375 0.20078125000000002 0.05 0.06406250000000001
